USB4J01879_1:101		
344.691	-83.49	
344.906	-83.49	
345.121	-83.49	
345.336	61.91	
345.552	29.14	
345.767	-48.68	
345.982	2.52	
346.197	35.29	
346.412	-15.91	
346.628	68.06	
346.843	18.9	
347.058	39.38	
347.273	59.86	
347.488	29.14	
347.703	33.24	
347.918	35.29	
348.133	174.55	
348.349	192.98	
348.564	246.23	
348.779	84.44	
348.994	203.22	
349.209	168.41	
349.424	178.65	
349.639	225.75	
349.854	133.59	
350.069	152.02	
350.284	168.41	
350.499	104.92	
350.714	164.31	
350.929	172.5	
351.144	147.93	
351.358	176.6	
351.573	88.54	
351.788	18.9	
352.003	119.25	
352.218	162.26	
352.433	94.68	
352.648	135.64	
352.863	100.82	
353.077	117.21	
353.292	41.43	
353.507	92.63	
353.722	219.61	
353.937	117.21	
354.151	135.64	
354.366	154.07	
354.581	207.32	
354.796	80.34	
355.011	182.74	
355.225	129.49	
355.44	178.65	
355.655	129.49	
355.869	178.65	
356.084	102.87	
356.299	51.67	
356.513	233.94	
356.728	180.69	
356.943	276.95	
357.157	264.66	
357.372	154.07	
357.586	272.85	
357.801	248.28	
358.016	242.13	
358.23	143.83	
358.445	229.85	
358.659	252.37	
358.874	233.94	
359.088	317.91	
359.303	319.96	
359.517	260.56	
359.732	332.24	
359.946	311.76	
360.161	227.8	
360.375	131.54	
360.59	147.93	
360.804	225.75	
361.019	291.28	
361.233	162.26	
361.447	207.32	
361.662	166.36	
361.876	178.65	
362.091	170.45	
362.305	213.46	
362.519	113.11	
362.734	264.66	
362.948	172.5	
363.162	248.28	
363.377	139.73	
363.591	283.09	
363.805	149.97	
364.019	254.42	
364.234	274.9	
364.448	160.21	
364.662	129.49	
364.876	149.97	
365.091	242.13	
365.305	256.47	
365.519	287.19	
365.733	311.76	
365.947	303.57	
366.162	231.89	
366.376	365.01	
366.59	279	
366.804	256.47	
367.018	342.48	
367.232	240.08	
367.446	319.96	
367.66	385.49	
367.875	334.29	
368.089	395.73	
368.303	410.07	
368.517	369.11	
368.731	481.75	
368.945	467.41	
369.159	348.63	
369.373	514.51	
369.587	537.04	
369.801	487.89	
370.015	457.17	
370.229	504.27	
370.443	522.7	
370.656	348.63	
370.87	530.9	
371.084	477.65	
371.298	469.46	
371.512	461.27	
371.726	326.1	
371.94	434.64	
372.154	436.69	
372.367	283.09	
372.581	403.92	
372.795	405.97	
373.009	332.24	
373.223	352.72	
373.436	424.4	
373.65	346.58	
373.864	266.71	
374.078	352.72	
374.291	252.37	
374.505	238.04	
374.719	176.6	
374.933	285.14	
375.146	344.53	
375.36	270.8	
375.574	358.87	
375.787	360.92	
376.001	326.1	
376.215	291.28	
376.428	352.72	
376.642	412.11	
376.855	254.42	
377.069	334.29	
377.283	387.54	
377.496	457.17	
377.71	440.79	
377.923	455.12	
378.137	397.78	
378.35	453.07	
378.564	522.7	
378.777	530.9	
378.991	526.8	
379.204	545.23	
379.418	702.93	
379.631	512.46	
379.845	713.17	
380.058	770.51	
380.272	758.22	
380.485	731.6	
380.698	762.32	
380.912	588.24	
381.125	733.65	
381.338	719.31	
381.552	905.67	
381.765	729.55	
381.978	782.8	
382.192	692.69	
382.405	758.22	
382.618	762.32	
382.832	778.7	
383.045	772.56	
383.258	707.02	
383.471	684.49	
383.685	801.23	
383.898	700.88	
384.111	661.97	
384.324	651.73	
384.538	778.7	
384.751	623.06	
384.964	592.34	
385.177	584.14	
385.39	604.62	
385.603	676.3	
385.816	506.32	
386.03	461.27	
386.243	553.42	
386.456	555.47	
386.669	473.55	
386.882	455.12	
387.095	481.75	
387.308	485.84	
387.521	471.51	
387.734	459.22	
387.947	420.31	
388.16	438.74	
388.373	446.93	
388.586	403.92	
388.799	479.7	
389.012	543.18	
389.225	637.39	
389.438	606.67	
389.651	610.77	
389.864	727.5	
390.077	694.73	
390.289	725.45	
390.502	846.28	
390.715	889.29	
390.928	952.78	
391.141	899.53	
391.354	909.77	
391.567	1100.23	
391.779	1145.29	
391.992	1059.27	
392.205	1075.66	
392.418	1124.81	
392.63	1237.45	
392.843	1208.77	
393.056	1343.94	
393.269	1204.68	
393.481	1266.12	
393.694	1368.52	
393.907	1391.04	
394.119	1405.38	
394.332	1417.67	
394.545	1407.43	
394.757	1485.25	
394.97	1272.26	
395.183	1389	
395.395	1337.8	
395.608	1352.13	
395.82	1438.15	
396.033	1425.86	
396.246	1384.9	
396.458	1216.97	
396.671	1325.51	
396.883	1382.85	
397.096	1350.08	
397.308	1335.75	
397.521	1194.44	
397.733	1112.52	
397.946	1173.96	
398.158	1092.04	
398.371	977.35	
398.583	1087.94	
398.796	1049.03	
399.008	885.2	
399.22	985.55	
399.433	874.96	
399.645	842.19	
399.857	868.81	
400.07	901.58	
400.282	879.05	
400.495	795.08	
400.707	813.52	
400.919	813.52	
401.131	831.95	
401.344	842.19	
401.556	801.23	
401.768	834	
401.981	860.62	
402.193	834	
402.405	1008.07	
402.617	969.16	
402.829	1065.42	
403.042	1075.66	
403.254	1126.86	
403.466	1108.42	
403.678	1270.21	
403.89	1311.17	
404.102	1407.43	
404.315	1364.42	
404.527	1536.45	
404.739	1479.11	
404.951	1511.87	
405.163	1726.91	
405.375	1819.07	
405.587	1798.59	
405.799	1794.49	
406.011	1923.52	
406.223	2038.2	
406.435	1960.38	
406.647	1962.43	
406.859	2245.05	
407.071	2109.88	
407.283	2163.13	
407.495	2113.98	
407.707	2306.49	
407.919	2101.69	
408.131	2312.63	
408.343	2369.97	
408.555	2243	
408.766	2286.01	
408.978	2298.29	
409.19	2249.14	
409.402	2265.53	
409.614	2269.62	
409.826	2505.14	
410.037	2292.15	
410.249	2230.71	
410.461	2269.62	
410.673	1937.85	
410.885	1982.91	
411.096	2046.39	
411.308	2089.4	
411.52	1905.08	
411.732	1880.51	
411.943	1763.77	
412.155	1747.39	
412.367	1747.39	
412.578	1741.25	
412.79	1642.94	
413.002	1714.62	
413.213	1561.02	
413.425	1528.26	
413.636	1511.87	
413.848	1368.52	
414.06	1454.53	
414.271	1393.09	
414.483	1311.17	
414.694	1274.31	
414.906	1251.78	
415.117	1264.07	
415.329	1257.93	
415.54	1280.45	
415.752	1341.89	
415.963	1270.21	
416.175	1243.59	
416.386	1345.99	
416.598	1300.93	
416.809	1360.32	
417.021	1513.92	
417.232	1573.31	
417.443	1583.55	
417.655	1542.59	
417.866	1825.21	
418.078	1757.63	
418.289	1798.59	
418.5	1884.6	
418.712	1991.1	
418.923	2165.18	
419.134	2263.48	
419.346	2259.38	
419.557	2394.55	
419.768	2443.7	
419.979	2537.91	
420.191	2603.44	
420.402	2691.5	
420.613	2771.37	
420.824	2869.68	
421.035	2879.92	
421.247	2984.36	
421.458	3131.82	
421.669	3150.25	
421.88	3080.62	
422.091	3183.02	
422.302	3295.65	
422.513	3242.41	
422.725	3410.34	
422.936	3379.62	
423.147	3479.97	
423.358	3479.97	
423.569	3436.96	
423.78	3559.84	
423.991	3393.96	
424.202	3436.96	
424.413	3477.92	
424.624	3273.13	
424.835	3445.16	
425.046	3346.85	
425.257	3135.91	
425.468	3348.9	
425.679	3152.3	
425.89	3060.14	
426.101	3062.19	
426.312	2970.03	
426.522	2963.88	
426.733	3008.94	
426.944	2898.35	
427.155	2902.44	
427.366	2798	
427.577	2554.29	
427.788	2615.73	
427.998	2652.59	
428.209	2472.37	
428.42	2329.01	
428.631	2324.92	
428.841	2310.58	
429.052	2439.6	
429.263	2103.74	
429.474	2171.32	
429.684	2062.78	
429.895	2040.25	
430.106	2007.48	
430.316	2011.58	
430.527	2079.16	
430.738	2050.49	
430.948	1911.23	
431.159	1982.91	
431.37	2032.06	
431.58	2113.98	
431.791	2156.98	
432.001	2179.51	
432.212	2357.68	
432.422	2296.25	
432.633	2429.36	
432.844	2429.36	
433.054	2591.15	
433.265	2568.63	
433.475	2877.87	
433.686	2933.16	
433.896	3074.47	
434.107	3148.2	
434.317	3275.17	
434.527	3305.89	
434.738	3439.01	
434.948	3701.15	
435.159	3912.09	
435.369	4020.64	
435.579	4442.52	
435.79	4516.24	
436	4495.76	
436.21	4569.49	
436.421	4743.57	
436.631	4643.22	
436.841	4897.17	
437.052	5009.8	
437.262	4884.88	
437.472	5173.64	
437.682	5228.94	
437.893	5300.62	
438.103	5368.2	
438.313	5491.08	
438.523	5472.65	
438.734	5603.72	
438.944	5751.17	
439.154	5714.31	
439.364	5712.26	
439.574	5724.55	
439.784	6070.65	
439.994	5978.49	
440.205	5923.2	
440.415	6121.85	
440.625	5990.78	
440.835	5710.21	
441.045	5679.49	
441.255	5777.79	
441.465	5421.45	
441.675	5476.74	
441.885	5464.45	
442.095	5439.88	
442.305	5128.59	
442.515	5077.39	
442.725	5190.03	
442.935	5034.38	
443.145	4968.84	
443.355	4813.2	
443.565	4770.19	
443.775	4653.46	
443.984	4503.96	
444.194	4358.55	
444.404	4196.76	
444.614	4282.78	
444.824	4204.95	
445.034	3914.14	
445.244	3989.92	
445.453	3744.16	
445.663	3516.83	
445.873	3547.55	
446.083	3434.92	
446.293	3398.05	
446.502	3488.16	
446.712	3447.2	
446.922	3326.37	
447.131	3158.44	
447.341	3086.76	
447.551	3172.78	
447.76	3258.79	
447.97	3115.43	
448.18	3144.1	
448.389	3133.86	
448.599	3213.74	
448.809	3309.99	
449.018	3336.61	
449.228	3402.15	
449.437	3469.73	
449.647	3596.71	
449.857	3830.17	
450.066	3899.81	
450.276	3834.27	
450.485	4067.74	
450.695	4239.77	
450.904	4483.48	
451.114	4612.5	
451.323	4622.74	
451.533	4858.25	
451.742	5085.58	
451.951	5142.92	
452.161	5335.43	
452.37	5239.18	
452.58	5687.68	
452.789	5695.87	
452.998	6119.8	
453.208	6107.52	
453.417	6203.77	
453.626	6642.04	
453.836	6766.96	
454.045	6779.25	
454.254	7018.86	
454.464	7078.25	
454.673	7098.73	
454.882	7391.59	
455.091	7475.56	
455.301	7399.78	
455.51	7876.96	
455.719	7651.68	
455.928	7711.07	
456.137	7715.17	
456.347	7956.83	
456.556	7905.63	
456.765	8212.83	
456.974	8092	
457.183	8120.67	
457.392	8094.05	
457.601	8083.81	
457.81	8204.64	
458.019	8255.83	
458.229	8044.89	
458.438	8071.52	
458.647	8065.37	
458.856	8034.65	
459.065	8126.81	
459.274	7999.84	
459.483	7721.31	
459.692	7956.83	
459.901	7645.54	
460.11	7645.54	
460.318	7389.54	
460.527	7215.47	
460.736	7450.98	
460.945	7215.47	
461.154	7129.45	
461.363	7242.09	
461.572	6857.07	
461.781	6576.5	
461.99	6390.14	
462.198	6402.42	
462.407	6347.13	
462.616	5949.82	
462.825	5849.47	
463.034	5736.83	
463.242	5761.41	
463.451	5900.67	
463.66	5589.38	
463.869	5407.11	
464.077	5282.18	
464.286	5314.95	
464.495	5280.14	
464.703	5233.03	
464.912	5286.28	
465.121	5112.2	
465.329	4952.46	
465.538	4733.33	
465.747	4805.01	
465.955	5058.96	
466.164	4837.77	
466.372	5126.54	
466.581	5067.15	
466.789	5187.98	
466.998	5462.41	
467.206	5474.69	
467.415	5366.15	
467.624	5607.81	
467.832	5777.79	
468.04	6009.21	
468.249	6166.91	
468.457	6465.91	
468.666	6685.04	
468.874	6951.28	
469.083	6934.89	
469.291	7498.09	
469.499	7481.7	
469.708	8071.52	
469.916	8057.18	
470.125	8421.72	
470.333	8765.78	
470.541	9228.62	
470.75	9451.85	
470.958	9752.9	
471.166	10060.1	
471.374	10266.94	
471.583	10746.16	
471.791	11141.42	
471.999	11426.09	
472.207	11745.57	
472.416	12316.96	
472.624	12482.84	
472.832	12736.79	
473.04	13216.01	
473.248	13146.38	
473.457	13756.68	
473.665	13768.97	
473.873	14168.32	
474.081	14412.03	
474.289	14895.35	
474.497	15061.23	
474.705	15163.63	
474.913	15390.96	
475.121	15880.42	
475.329	15751.4	
475.537	16228.58	
475.745	16660.7	
475.953	16396.51	
476.161	16359.65	
476.369	16797.91	
476.577	16847.06	
476.785	16828.63	
476.993	17060.05	
477.201	17510.61	
477.409	17037.52	
477.617	17365.2	
477.825	17123.54	
478.033	17377.49	
478.241	17283.28	
478.449	17187.03	
478.656	17037.52	
478.864	17051.86	
479.072	17113.3	
479.28	16828.63	
479.488	16924.89	
479.695	16515.29	
479.903	16300.26	
480.111	16148.71	
480.319	15853.8	
480.526	15978.72	
480.734	15294.7	
480.942	15106.29	
481.149	15175.92	
481.357	14725.37	
481.565	14582.01	
481.772	14452.99	
481.98	14186.75	
482.188	14090.5	
482.395	13519.11	
482.603	13205.78	
482.811	12998.93	
483.018	13150.48	
483.226	12843.28	
483.433	12519.71	
483.641	12192.03	
483.848	12013.86	
484.056	11788.58	
484.263	11741.48	
484.471	11727.14	
484.678	11751.72	
484.886	11264.3	
485.093	11301.16	
485.301	11612.46	
485.508	11311.4	
485.715	11391.27	
485.923	11135.28	
486.13	11360.56	
486.338	11606.31	
486.545	11579.69	
486.752	11680.04	
486.96	12020	
487.167	12409.12	
487.374	12308.76	
487.582	12583.19	
487.789	12939.54	
487.996	13199.63	
488.203	13791.49	
488.411	13947.14	
488.618	14496	
488.825	14770.42	
489.032	15220.98	
489.24	15911.14	
489.447	16103.65	
489.654	16693.47	
489.861	17258.71	
490.068	18069.7	
490.275	18622.65	
490.482	18739.39	
490.69	19830.95	
490.897	20086.95	
491.104	20553.89	
491.311	21356.69	
491.518	22001.8	
491.725	22624.38	
491.932	23177.33	
492.139	23980.14	
492.346	24404.07	
492.553	24658.02	
492.76	25632.85	
492.967	25811.02	
493.174	26413.13	
493.381	27099.2	
493.588	27478.07	
493.795	28123.18	
494.002	28473.38	
494.208	28829.73	
494.415	29466.65	
494.622	29743.12	
494.829	30298.12	
495.036	30210.06	
495.243	30494.73	
495.449	30734.34	
495.656	31522.81	
495.863	31905.78	
496.07	31522.81	
496.277	32522.22	
496.483	31735.8	
496.69	32595.94	
496.897	32485.35	
497.104	32423.91	
497.31	32356.33	
497.517	32821.22	
497.724	32632.81	
497.93	32401.39	
498.137	32382.95	
498.344	32296.94	
498.55	32053.23	
498.757	32225.26	
498.963	31684.6	
499.17	31750.13	
499.376	31313.91	
499.583	30894.08	
499.79	30832.64	
499.996	30803.97	
500.203	29945.87	
500.409	29659.16	
500.616	29693.97	
500.822	29141.02	
501.029	28647.46	
501.235	28311.59	
501.441	27975.73	
501.648	27484.21	
501.854	26951.74	
502.061	26359.88	
502.267	26040.4	
502.473	25225.3	
502.68	24801.37	
502.886	24633.44	
503.093	23640.18	
503.299	23339.12	
503.505	22986.87	
503.711	22388.87	
503.918	21145.75	
504.124	21530.77	
504.33	20627.61	
504.537	20424.86	
504.743	19689.64	
504.949	19079.35	
505.155	19138.74	
505.361	18573.5	
505.568	18016.45	
505.774	18071.75	
505.98	17289.42	
506.186	16883.93	
506.392	16730.33	
506.598	16355.55	
506.804	16369.89	
507.01	16128.23	
507.217	16130.27	
507.423	15816.94	
507.629	15749.35	
507.835	15843.56	
508.041	15757.54	
508.247	15948.01	
508.453	15950.05	
508.659	15952.1	
508.865	16234.72	
509.071	16265.44	
509.277	16617.69	
509.483	16793.82	
509.689	17017.04	
509.894	17639.63	
510.1	17719.5	
510.306	18104.52	
510.512	18671.8	
510.718	18940.09	
510.924	19540.14	
511.13	19804.33	
511.335	20703.39	
511.541	21242	
511.747	21723.28	
511.953	22524.03	
512.159	23072.89	
512.364	23681.14	
512.57	23949.42	
512.776	24944.73	
512.982	25475.16	
513.187	26130.51	
513.393	26742.85	
513.599	27490.36	
513.804	28358.7	
514.01	29038.62	
514.216	29685.78	
514.421	30324.75	
514.627	30896.13	
514.832	31571.96	
515.038	31774.71	
515.244	32911.33	
515.449	33310.68	
515.655	33873.88	
515.86	34217.93	
516.066	34740.17	
516.271	35499.96	
516.477	35833.78	
516.682	36431.79	
516.888	36675.5	
517.093	37089.19	
517.299	38156.18	
517.504	37842.84	
517.709	38629.26	
517.915	38688.65	
518.12	38795.14	
518.326	38954.89	
518.531	39583.61	
518.736	39653.24	
518.942	39806.84	
519.147	40148.85	
519.352	40415.09	
519.558	40300.4	
519.763	40124.28	
519.968	40652.65	
520.173	40327.03	
520.379	40501.1	
520.584	40148.85	
520.789	40284.02	
520.994	40140.66	
521.199	39808.89	
521.405	39839.61	
521.61	39321.47	
521.815	39489.41	
522.02	39577.47	
522.225	38981.51	
522.43	38625.16	
522.635	38649.74	
522.84	37777.3	
523.046	37244.83	
523.251	37175.2	
523.456	36401.07	
523.661	36157.36	
523.866	35807.16	
524.071	34910.15	
524.276	34521.03	
524.481	34252.75	
524.686	33081.31	
524.891	32872.42	
525.096	32194.54	
525.301	31496.18	
525.505	31248.38	
525.71	30543.88	
525.915	29538.33	
526.12	28928.03	
526.325	28532.77	
526.53	27738.16	
526.735	27025.47	
526.939	26544.2	
527.144	25888.85	
527.349	25487.44	
527.554	24762.46	
527.759	24117.35	
527.963	23595.12	
528.168	23289.97	
528.373	22651.01	
528.578	22141.06	
528.782	21629.07	
528.987	20617.37	
529.192	20584.61	
529.396	20111.53	
529.601	19724.46	
529.806	19333.3	
530.01	19130.55	
530.215	18774.2	
530.419	18548.93	
530.624	18079.94	
530.829	18092.23	
531.033	17934.53	
531.238	17629.39	
531.442	17402.06	
531.647	17613	
531.851	17584.33	
532.056	17551.56	
532.26	17496.27	
532.465	17500.37	
532.669	18059.46	
532.874	18139.33	
533.078	18512.06	
533.282	18618.56	
533.487	19048.63	
533.691	19280.05	
533.896	19769.51	
534.1	19869.87	
534.304	20748.44	
534.509	20840.6	
534.713	21311.64	
534.917	21694.61	
535.122	22599.81	
535.326	23134.33	
535.53	23623.79	
535.734	24234.09	
535.939	24914.01	
536.143	25870.41	
536.347	26384.45	
536.551	27469.88	
536.755	27963.44	
536.96	28708.9	
537.164	29362.2	
537.368	30300.17	
537.572	30957.57	
537.776	31510.52	
537.98	32968.67	
538.184	33376.22	
538.388	34074.58	
538.592	35162.05	
538.797	34979.78	
539.001	36462.51	
539.205	37353.37	
539.409	37881.75	
539.613	38293.39	
539.817	39331.71	
540.021	39526.27	
540.224	40370.03	
540.428	40859.5	
540.632	41731.93	
540.836	42497.87	
541.04	43196.23	
541.244	43427.65	
541.448	44050.23	
541.652	44627.76	
541.856	45782.81	
542.06	45692.7	
542.263	46198.55	
542.467	46532.37	
542.671	46704.4	
542.875	47021.84	
543.079	47435.52	
543.282	47855.36	
543.486	47918.85	
543.69	48336.63	
543.893	48600.82	
544.097	48619.25	
544.301	49143.53	
544.505	49139.43	
544.708	49184.49	
544.912	49053.42	
545.115	49002.22	
545.319	49055.47	
545.523	48746.22	
545.726	49071.85	
545.93	48744.18	
546.133	48692.98	
546.337	48475.89	
546.541	48107.26	
546.744	48187.13	
546.948	47699.71	
547.151	47312.65	
547.355	47177.48	
547.558	46933.77	
547.762	46169.88	
547.965	46251.8	
548.168	45666.08	
548.372	44726.06	
548.575	44822.32	
548.779	44171.06	
548.982	42966.86	
549.185	42465.1	
549.389	42037.08	
549.592	42010.46	
549.795	41326.43	
549.999	40390.51	
550.202	39737.21	
550.405	39192.45	
550.609	38344.59	
550.812	37400.48	
551.015	37070.75	
551.218	36249.52	
551.422	35250.11	
551.625	35153.86	
551.828	34435.02	
552.031	33286.11	
552.234	32483.3	
552.437	32014.32	
552.641	31064.06	
552.844	30543.88	
553.047	29653.01	
553.25	29030.43	
553.453	27869.23	
553.656	27576.37	
553.859	26687.55	
554.062	25786.45	
554.265	25237.59	
554.468	24547.43	
554.671	23937.13	
554.874	23351.41	
555.077	22814.84	
555.28	22323.33	
555.483	21635.21	
555.686	21096.6	
555.889	20871.32	
556.092	20211.88	
556.295	19984.55	
556.498	19554.48	
556.7	19124.4	
556.903	18737.34	
557.106	18479.29	
557.309	18251.97	
557.512	18344.13	
557.715	17905.86	
557.917	17676.49	
558.12	17825.99	
558.323	17572.04	
558.526	17823.94	
558.728	17500.37	
558.931	17803.46	
559.134	17842.38	
559.336	17862.86	
559.539	17959.11	
559.742	18598.08	
559.944	18499.77	
560.147	18827.45	
560.35	19290.29	
560.552	19863.72	
560.755	19712.17	
560.957	20340.9	
561.16	20758.68	
561.363	21049.5	
561.565	21926.03	
561.768	22356.1	
561.97	23292.02	
562.173	23746.67	
562.375	24164.46	
562.578	24768.61	
562.78	25450.58	
562.982	25757.78	
563.185	26511.43	
563.387	27734.07	
563.59	28119.08	
563.792	29282.33	
563.994	29646.87	
564.197	30486.54	
564.399	31207.42	
564.602	32260.08	
564.804	32665.57	
565.006	33431.51	
565.208	34285.52	
565.411	34738.12	
565.613	35647.42	
565.815	36251.57	
566.017	37345.18	
566.22	37674.91	
566.422	38573.96	
566.624	39057.28	
566.826	40044.41	
567.028	40593.26	
567.231	41285.47	
567.433	41586.53	
567.635	42237.78	
567.837	43034.44	
568.039	43820.86	
568.241	44750.64	
568.443	44918.57	
568.645	45844.25	
568.847	45958.94	
569.049	46745.36	
569.251	47025.93	
569.453	47249.16	
569.655	47646.47	
569.857	48035.58	
570.059	49018.6	
570.261	49149.67	
570.463	49133.29	
570.665	49243.88	
570.867	49563.36	
571.069	49743.59	
571.271	50063.07	
571.473	50886.35	
571.674	50665.17	
571.876	51050.19	
572.078	50296.54	
572.28	50888.4	
572.482	50624.21	
572.684	51429.06	
572.885	50910.93	
573.087	50812.63	
573.289	50757.33	
573.491	50632.4	
573.692	50740.95	
573.894	49929.95	
574.096	49757.92	
574.297	50079.45	
574.499	49731.3	
574.701	49434.34	
574.902	48758.51	
575.104	48854.77	
575.305	48619.25	
575.507	48768.75	
575.709	47953.66	
575.91	47380.23	
576.112	46997.26	
576.313	46743.31	
576.515	46196.5	
576.716	46161.69	
576.918	44975.91	
577.119	44836.65	
577.321	44463.92	
577.522	43437.89	
577.724	42372.95	
577.925	42116.95	
578.126	41590.62	
578.328	40558.45	
578.529	40529.77	
578.731	39583.61	
578.932	38422.41	
579.133	38111.12	
579.335	37640.09	
579.536	36771.75	
579.737	35981.24	
579.938	35497.91	
580.14	34852.8	
580.341	33945.55	
580.542	33105.89	
580.743	32395.24	
580.945	31070.21	
581.146	31053.82	
581.347	30306.31	
581.548	29335.58	
581.749	28631.08	
581.95	28172.33	
582.152	26894.4	
582.353	26306.63	
582.554	25598.03	
582.755	24895.58	
582.956	24291.43	
583.157	23810.16	
583.358	23111.8	
583.559	22413.44	
583.76	21729.42	
583.961	21379.22	
584.162	20766.88	
584.363	20457.63	
584.564	19779.75	
584.765	19497.14	
584.966	18796.73	
585.167	18524.35	
585.368	18194.63	
585.569	17961.16	
585.77	17318.1	
585.97	17201.36	
586.171	16730.33	
586.372	16709.85	
586.573	16480.48	
586.774	16591.07	
586.975	16103.65	
587.175	16212.19	
587.376	15929.57	
587.577	15982.82	
587.778	15763.69	
587.978	15626.47	
588.179	15634.67	
588.38	16062.69	
588.58	15849.7	
588.781	16435.42	
588.982	16427.23	
589.182	16617.69	
589.383	16836.82	
589.584	17053.91	
589.784	17500.37	
589.985	17975.49	
590.185	17938.63	
590.386	18426.05	
590.586	18966.71	
590.787	19589.29	
590.987	19962.02	
591.188	20287.65	
591.388	20734.11	
591.589	21649.55	
591.789	22153.35	
591.99	22433.92	
592.19	23384.18	
592.391	23806.06	
592.591	24670.3	
592.791	25262.17	
592.992	26017.87	
593.192	26546.24	
593.392	27375.67	
593.593	27973.68	
593.793	28389.42	
593.993	29249.56	
594.194	30126.09	
594.394	30971.9	
594.594	31522.81	
594.794	32249.84	
594.995	32968.67	
595.195	33611.74	
595.395	33908.69	
595.595	35176.38	
595.796	35710.9	
595.996	36472.75	
596.196	37468.06	
596.396	38305.68	
596.596	38483.85	
596.796	39333.76	
596.996	39634.81	
597.196	40396.66	
597.396	41199.46	
597.596	41910.11	
597.796	42471.25	
597.996	43200.33	
598.196	43898.68	
598.396	44365.62	
598.596	45160.23	
598.796	45471.52	
598.996	46116.63	
599.196	46065.43	
599.396	46475.03	
599.596	47462.15	
599.796	48054.01	
599.996	48004.86	
600.196	48531.19	
600.396	49465.06	
600.595	49481.45	
600.795	50128.6	
600.995	50204.38	
601.195	50812.63	
601.395	51044.05	
601.594	51168.97	
601.794	51125.96	
601.994	50990.8	
602.194	50761.43	
602.393	52229.82	
602.593	51881.66	
602.793	51836.61	
602.992	52129.47	
603.192	52612.79	
603.392	52549.3	
603.591	52197.05	
603.791	52035.26	
603.99	52348.6	
604.19	51734.21	
604.39	52053.69	
604.589	51717.83	
604.789	51662.53	
604.988	51379.91	
605.188	51318.47	
605.387	51279.56	
605.587	50308.82	
605.786	49858.27	
605.986	50190.04	
606.185	50564.82	
606.384	50030.3	
606.584	49737.44	
606.783	49258.22	
606.983	49137.39	
607.182	48617.2	
607.381	48625.39	
607.581	47810.3	
607.78	46890.77	
607.979	46458.64	
608.179	45692.7	
608.378	45508.39	
608.577	45127.46	
608.776	44568.37	
608.976	44048.18	
609.175	43534.14	
609.374	43059.02	
609.573	42071.89	
609.772	42350.42	
609.972	41176.93	
610.171	40640.36	
610.37	39571.32	
610.569	39448.45	
610.768	38674.31	
610.967	38084.5	
611.166	37222.3	
611.365	36884.39	
611.564	35669.94	
611.763	35811.25	
611.962	34940.87	
612.161	33667.03	
612.36	33529.82	
612.559	32909.28	
612.758	31954.93	
612.957	31299.58	
613.156	30765.06	
613.355	29798.42	
613.554	29159.45	
613.753	28870.69	
613.952	28084.27	
614.151	27107.39	
614.35	26839.1	
614.548	26271.82	
614.747	25600.08	
614.946	24856.67	
615.145	24178.79	
615.344	23498.87	
615.542	23128.18	
615.741	22536.32	
615.94	22165.64	
616.139	21864.59	
616.337	21115.03	
616.536	20596.89	
616.735	20344.99	
616.933	19755.18	
617.132	19904.68	
617.331	18981.05	
617.529	18929.85	
617.728	18147.52	
617.926	18096.32	
618.125	18022.6	
618.323	17436.88	
618.522	17053.91	
618.721	16873.69	
618.919	16982.23	
619.118	16724.19	
619.316	16447.71	
619.514	16572.64	
619.713	16468.19	
619.911	16222.43	
620.11	16339.17	
620.308	16099.55	
620.507	15964.39	
620.705	16208.1	
620.903	16353.5	
621.102	16115.94	
621.3	16470.24	
621.498	16470.24	
621.697	16771.29	
621.895	16802.01	
622.093	17283.28	
622.292	17270.99	
622.49	17563.85	
622.688	17737.93	
622.886	18479.29	
623.085	18415.81	
623.283	18608.32	
623.481	19179.7	
623.679	19298.48	
623.877	20060.33	
624.075	20234.4	
624.273	20705.44	
624.472	21143.7	
624.67	21622.93	
624.868	22016.14	
625.066	22702.21	
625.264	23210.1	
625.462	23920.75	
625.66	24313.96	
625.858	24981.6	
626.056	25229.4	
626.254	25964.62	
626.452	26597.44	
626.65	27117.63	
626.848	27531.32	
627.046	28325.93	
627.244	28696.61	
627.442	29429.78	
627.639	29796.37	
627.837	30652.42	
628.035	31008.77	
628.233	31922.16	
628.431	32303.08	
628.629	33185.76	
628.826	33966.03	
629.024	35065.79	
629.222	35047.36	
629.42	35493.82	
629.617	36036.53	
629.815	37234.59	
630.013	37373.85	
630.21	37836.7	
630.408	38340.5	
630.606	39335.81	
630.803	39663.48	
631.001	40200.05	
631.199	41230.18	
631.396	41727.84	
631.594	41822.04	
631.791	42641.23	
631.989	43013.96	
632.187	42559.31	
632.384	43976.51	
632.582	44328.76	
632.779	44468.02	
632.977	44527.41	
633.174	44982.06	
633.372	45530.91	
633.569	45983.51	
633.766	46608.15	
633.964	47216.39	
634.161	47077.13	
634.359	47171.34	
634.556	47699.71	
634.753	48252.66	
634.951	48457.46	
635.148	48242.42	
635.345	48844.53	
635.543	49252.07	
635.74	48885.49	
635.937	49567.46	
636.134	49358.57	
636.332	49585.89	
636.529	49794.78	
636.726	50202.33	
636.923	50247.39	
637.12	50370.26	
637.318	50077.4	
637.515	50351.83	
637.712	50646.74	
637.909	50079.45	
638.106	50151.13	
638.303	50157.28	
638.5	50233.05	
638.697	49968.86	
638.894	49784.54	
639.091	49782.5	
639.288	50036.45	
639.485	49333.99	
639.682	49411.81	
639.879	49749.73	
640.076	49856.22	
640.273	48985.84	
640.47	49381.1	
640.667	48627.44	
640.864	48961.26	
641.061	48103.16	
641.258	47986.43	
641.454	47763.2	
641.651	47200.01	
641.848	46776.08	
642.045	46259.99	
642.242	45805.34	
642.439	45553.44	
642.635	44867.37	
642.832	44449.59	
643.029	43865.92	
643.225	44044.09	
643.422	43388.74	
643.619	43337.54	
643.816	42530.64	
644.012	42727.24	
644.209	41633.63	
644.405	41389.92	
644.602	40943.46	
644.799	40222.58	
644.995	40064.89	
645.192	39579.52	
645.388	39108.48	
645.585	38637.45	
645.781	38281.1	
645.978	37691.29	
646.174	37117.86	
646.371	37212.06	
646.567	36018.1	
646.764	35360.7	
646.96	34750.41	
647.157	34973.63	
647.353	33689.56	
647.55	33075.17	
647.746	32423.91	
647.942	32161.77	
648.139	31275	
648.335	30984.19	
648.531	29982.74	
648.728	29632.53	
648.924	29300.76	
649.12	28575.78	
649.316	27799.6	
649.513	27750.45	
649.709	27039.8	
649.905	26456.13	
650.101	25837.65	
650.297	25270.36	
650.494	25004.12	
650.69	23957.61	
650.886	23842.92	
651.082	23261.3	
651.278	22802.56	
651.474	22421.63	
651.67	21813.39	
651.866	21538.96	
652.062	20893.85	
652.258	20455.58	
652.455	20109.48	
652.651	19898.54	
652.847	19349.68	
653.042	19155.12	
653.238	18636.99	
653.434	18491.58	
653.63	17750.22	
653.826	17633.48	
654.022	17303.76	
654.218	17150.16	
654.414	16699.61	
654.61	16333.02	
654.806	16031.97	
655.001	15859.94	
655.197	16103.65	
655.393	15587.56	
655.589	15395.05	
655.785	15241.46	
655.98	15429.87	
656.176	14932.21	
656.372	14862.58	
656.567	14999.8	
656.763	14790.9	
656.959	14756.09	
657.155	14547.19	
657.35	14655.74	
657.546	14614.78	
657.741	14545.15	
657.937	14878.97	
658.133	14772.47	
658.328	14942.45	
658.524	14913.78	
658.719	15157.49	
658.915	15087.86	
659.11	15208.69	
659.306	15499.5	
659.501	15415.53	
659.697	15923.43	
659.892	16283.87	
660.088	16533.72	
660.283	16474.33	
660.478	16691.42	
660.674	17062.1	
660.869	17483.98	
661.065	17608.91	
661.26	17680.59	
661.455	18010.31	
661.651	18579.65	
661.846	18907.32	
662.041	19427.5	
662.236	19902.63	
662.432	20091.05	
662.627	20463.78	
662.822	20922.52	
663.017	20990.1	
663.213	21346.45	
663.408	21794.96	
663.603	22333.57	
663.798	22564.99	
663.993	23001.21	
664.188	23586.93	
664.383	23904.36	
664.579	24313.96	
664.774	24500.32	
664.969	25317.46	
665.164	25610.32	
665.359	26290.25	
665.554	26695.75	
665.749	26628.16	
665.944	27607.09	
666.139	28041.26	
666.334	28583.97	
666.529	28942.37	
666.724	29558.81	
666.918	30027.79	
667.113	30345.23	
667.308	30500.87	
667.503	31277.05	
667.698	31877.11	
667.893	32161.77	
668.088	32425.96	
668.282	33044.45	
668.477	33527.77	
668.672	33714.13	
668.867	34205.65	
669.061	34588.62	
669.256	34580.42	
669.451	35022.79	
669.646	35071.94	
669.84	35555.26	
670.035	36519.85	
670.23	36329.39	
670.424	36839.33	
670.619	37164.96	
670.813	37224.35	
671.008	37752.73	
671.203	38104.98	
671.397	38317.97	
671.592	38338.45	
671.786	39053.19	
671.981	39157.64	
672.175	39333.76	
672.37	39360.38	
672.564	39829.37	
672.759	40310.64	
672.953	40384.37	
673.148	40427.38	
673.342	40681.32	
673.536	41662.3	
673.731	41531.23	
673.925	41396.06	
674.119	41756.51	
674.314	41449.31	
674.508	42125.14	
674.702	42274.64	
674.897	41996.12	
675.091	42596.17	
675.285	42803.02	
675.479	42254.16	
675.674	42628.94	
675.868	42954.57	
676.062	42719.05	
676.256	42651.47	
676.45	42381.14	
676.645	42645.33	
676.839	42467.15	
677.033	42669.9	
677.227	42985.29	
677.421	42164.05	
677.615	42094.42	
677.809	41854.81	
678.003	42096.47	
678.197	42092.37	
678.391	42112.85	
678.585	41271.14	
678.779	41774.94	
678.973	41863	
679.167	41787.23	
679.361	41140.07	
679.555	41219.94	
679.749	41121.64	
679.943	40763.24	
680.137	40826.73	
680.331	40337.27	
680.524	40458.1	
680.718	40275.83	
680.912	39432.06	
681.106	39649.15	
681.3	39303.04	
681.493	39104.39	
681.687	38793.1	
681.881	38647.69	
682.075	37869.46	
682.268	37631.9	
682.462	37605.27	
682.656	36988.84	
682.849	36933.54	
683.043	36665.26	
683.237	36046.77	
683.43	35518.39	
683.624	35729.34	
683.817	34760.65	
684.011	34605	
684.205	34637.77	
684.398	33873.88	
684.592	33863.64	
684.785	33347.55	
684.979	32962.53	
685.172	32571.37	
685.366	32348.14	
685.559	31934.45	
685.752	31309.82	
685.946	31242.24	
686.139	30572.55	
686.333	30093.33	
686.526	29886.48	
686.719	29472.79	
686.913	28747.81	
687.106	28436.52	
687.299	28465.19	
687.493	27551.8	
687.686	27314.23	
687.879	26886.21	
688.072	26585.15	
688.266	26042.44	
688.459	25694.29	
688.652	25167.96	
688.845	24920.16	
689.038	24586.34	
689.232	24232.04	
689.425	23892.08	
689.618	23517.3	
689.811	22771.84	
690.004	22618.24	
690.197	22171.78	
690.39	21754	
690.583	21641.36	
690.776	21166.23	
690.969	20979.86	
691.162	20322.47	
691.355	20129.96	
691.548	19810.47	
691.741	19552.43	
691.934	19026.1	
692.127	18847.93	
692.32	18467.01	
692.513	18346.18	
692.706	17961.16	
692.899	17838.28	
693.091	17463.5	
693.284	17109.2	
693.477	16709.85	
693.67	16509.15	
693.863	16013.54	
694.055	15956.2	
694.248	15587.56	
694.441	15636.71	
694.634	15249.65	
694.826	14829.81	
695.019	14795	
695.212	14713.08	
695.404	14340.35	
695.597	13984	
695.79	13889.8	
695.982	14113.03	
696.175	14104.83	
696.367	13660.42	
696.56	13480.2	
696.753	13523.21	
696.945	13334.8	
697.138	13142.29	
697.33	13101.33	
697.523	13177.1	
697.715	13070.61	
697.908	12974.35	
698.1	12980.5	
698.292	12976.4	
698.485	12892.44	
698.677	13162.77	
698.87	12955.92	
699.062	12880.15	
699.254	12943.64	
699.447	12880.15	
699.639	13269.26	
699.831	12890.39	
700.024	13209.87	
700.216	13082.9	
700.408	13537.55	
700.6	13375.76	
700.793	13699.34	
700.985	13732.1	
701.177	13594.89	
701.369	13953.28	
701.561	13967.62	
701.753	14194.94	
701.946	14442.75	
702.138	14739.7	
702.33	14602.49	
702.522	14825.72	
702.714	14995.7	
702.906	15425.77	
703.098	15438.06	
703.29	15700.2	
703.482	15984.87	
703.674	15984.87	
703.866	16715.99	
704.058	16675.03	
704.25	17230.03	
704.442	17029.33	
704.634	17160.4	
704.826	17750.22	
705.018	18170.05	
705.209	17991.88	
705.401	18442.43	
705.593	18766.01	
705.785	19316.91	
705.977	19368.11	
706.168	19632.3	
706.36	19728.56	
706.552	20162.72	
706.744	20181.16	
706.935	20388	
707.127	20637.85	
707.319	21377.17	
707.511	21325.97	
707.702	21860.49	
707.894	21598.35	
708.085	22491.27	
708.277	22704.25	
708.469	22636.67	
708.66	23484.53	
708.852	23691.38	
709.043	23519.35	
709.235	24359.01	
709.426	24805.47	
709.618	24438.88	
709.809	24979.55	
710.001	24936.54	
710.192	25487.44	
710.384	25899.09	
710.575	25966.67	
710.767	26368.07	
710.958	26234.95	
711.149	26769.47	
711.341	26927.17	
711.532	27150.39	
711.723	27715.63	
711.915	28074.03	
712.106	28123.18	
712.297	28571.68	
712.489	28950.56	
712.68	29534.23	
712.871	29380.63	
713.062	29554.71	
713.254	29421.59	
713.445	29902.86	
713.636	30228.49	
713.827	30253.07	
714.018	30687.24	
714.209	30820.35	
714.4	30550.02	
714.592	31576.05	
714.783	31064.06	
714.974	31432.7	
715.165	31891.44	
715.356	32131.05	
715.547	31758.32	
715.738	31821.81	
715.929	31995.89	
716.12	32458.73	
716.311	32237.55	
716.502	32561.13	
716.693	32933.86	
716.883	32755.68	
717.074	33224.67	
717.265	33490.91	
717.456	32876.51	
717.647	33619.93	
717.838	33626.07	
718.029	33767.38	
718.219	33863.64	
718.41	33761.24	
718.601	33478.62	
718.792	33853.4	
718.982	33832.92	
719.173	33882.07	
719.364	34031.57	
719.554	33959.89	
719.745	34349	
719.936	34404.3	
720.126	34344.91	
720.317	33902.55	
720.508	34482.12	
720.698	34035.67	
720.889	33923.03	
721.079	34187.21	
721.27	34189.26	
721.46	33707.99	
721.651	34172.88	
721.841	33812.44	
722.032	33806.29	
722.222	33677.27	
722.413	33499.1	
722.603	33437.66	
722.794	33314.78	
722.984	33333.21	
723.174	32937.95	
723.365	33443.8	
723.555	32913.38	
723.746	33155.04	
723.936	32708.58	
724.126	32172.01	
724.316	32018.42	
724.507	32294.89	
724.697	32313.32	
724.887	32135.15	
725.077	31899.63	
725.268	31891.44	
725.458	32212.97	
725.648	31627.25	
725.838	31225.85	
726.028	31260.67	
726.218	30822.4	
726.409	30734.34	
726.599	30607.37	
726.789	30093.33	
726.979	30179.34	
727.169	29884.43	
727.359	29556.76	
727.549	29022.24	
727.739	28737.57	
727.929	29014.05	
728.119	28813.34	
728.309	28149.8	
728.499	28002.35	
728.689	27936.81	
728.879	27768.88	
729.068	27215.93	
729.258	27207.74	
729.448	27260.98	
729.638	26443.85	
729.828	26923.07	
730.018	26005.58	
730.207	26253.38	
730.397	25669.71	
730.587	25716.82	
730.777	25391.19	
730.966	24963.16	
731.156	24660.06	
731.346	24612.96	
731.536	23769.2	
731.725	24002.67	
731.915	23365.75	
732.104	23562.35	
732.294	23330.93	
732.484	22907	
732.673	22528.13	
732.863	22358.15	
733.052	22409.35	
733.242	21901.45	
733.431	21424.27	
733.621	21172.37	
733.81	21039.26	
734	20557.98	
734.189	20537.5	
734.379	20439.2	
734.568	19642.54	
734.758	19460.27	
734.947	19155.12	
735.136	19171.51	
735.326	18528.45	
735.515	18591.93	
735.704	18313.41	
735.894	18231.49	
736.083	17684.68	
736.272	17449.17	
736.462	17293.52	
736.651	17191.12	
736.84	16664.79	
737.029	16740.57	
737.218	16505.05	
737.408	16048.36	
737.597	15841.51	
737.786	15659.24	
737.975	15644.91	
738.164	15290.61	
738.353	14887.16	
738.542	14944.5	
738.731	14575.87	
738.92	14311.68	
739.11	14143.74	
739.299	14041.35	
739.488	13955.33	
739.677	13814.02	
739.866	13134.1	
740.054	13287.69	
740.243	13031.7	
740.432	12759.32	
740.621	12654.87	
740.81	12980.5	
740.999	12568.86	
741.188	12253.47	
741.377	12030.24	
741.566	12263.71	
741.754	11813.16	
741.943	11981.09	
742.132	11737.38	
742.321	11426.09	
742.509	11753.77	
742.698	11381.03	
742.887	11276.59	
743.076	11264.3	
743.264	11000.11	
743.453	11243.82	
743.642	10707.25	
743.83	10926.39	
744.019	10742.07	
744.207	10791.22	
744.396	10557.75	
744.585	10869.04	
744.773	10643.77	
744.962	10641.72	
745.15	10488.12	
745.339	10535.22	
745.527	10365.24	
745.716	10543.42	
745.904	10539.32	
746.093	10500.41	
746.281	10529.08	
746.469	10711.35	
746.658	10533.18	
746.846	10645.81	
747.034	10477.88	
747.223	10582.33	
747.411	10737.97	
747.599	10637.62	
747.788	10920.24	
747.976	10963.25	
748.164	10998.06	
748.353	10811.7	
748.541	11018.54	
748.729	11211.05	
748.917	10787.12	
749.105	11258.16	
749.294	11295.02	
749.482	11424.04	
749.67	11614.5	
749.858	11542.82	
750.046	11680.04	
750.234	11540.78	
750.422	11718.95	
750.61	11757.86	
750.798	11983.14	
750.986	12040.48	
751.174	12220.7	
751.362	12251.42	
751.55	12409.12	
751.738	12456.22	
751.926	12609.82	
752.114	12773.65	
752.302	12738.84	
752.49	13082.9	
752.678	13195.54	
752.865	13308.17	
753.053	13598.99	
753.241	13811.97	
753.429	13816.07	
753.617	13859.08	
753.805	14022.91	
753.992	14027.01	
754.18	14344.45	
754.368	14432.51	
754.555	14758.14	
754.743	14893.3	
754.931	14835.96	
755.118	15055.09	
755.306	15376.62	
755.494	15425.77	
755.681	15632.62	
755.869	16136.42	
756.056	15827.18	
756.244	16224.48	
756.432	16126.18	
756.619	16408.8	
756.807	16476.38	
756.994	16871.64	
757.182	16685.27	
757.369	17291.47	
757.556	17234.13	
757.744	17553.61	
757.931	17848.52	
758.119	17965.25	
758.306	18026.69	
758.493	18014.41	
758.681	18204.87	
758.868	18473.15	
759.055	18337.98	
759.243	18532.54	
759.43	18675.9	
759.617	18895.03	
759.805	19001.53	
759.992	19060.92	
760.179	19323.06	
760.366	19849.39	
760.553	19716.27	
760.741	20111.53	
760.928	19749.04	
761.115	20109.48	
761.302	20258.98	
761.489	20385.95	
761.676	20469.92	
761.863	20644	
762.05	20940.95	
762.237	21051.54	
762.424	20795.55	
762.611	21346.45	
762.798	21534.86	
762.985	21553.3	
763.172	21438.61	
763.359	21960.84	
763.546	21741.71	
763.733	21803.15	
763.92	21893.26	
764.107	22130.82	
764.294	22139.01	
764.48	21960.84	
764.667	22126.73	
764.854	22126.73	
765.041	22347.91	
765.228	22433.92	
765.414	22456.45	
765.601	22706.3	
765.788	22476.93	
765.974	22722.69	
766.161	22583.42	
766.348	22777.98	
766.534	22915.19	
766.721	22571.14	
766.908	22651.01	
767.094	22890.62	
767.281	22941.82	
767.467	22945.91	
767.654	23029.88	
767.841	23410.8	
768.027	23177.33	
768.214	23599.22	
768.4	23048.31	
768.587	23449.71	
768.773	23122.04	
768.959	23330.93	
769.146	23312.5	
769.332	23306.36	
769.519	23283.83	
769.705	23681.14	
769.891	23312.5	
770.078	23263.35	
770.264	23545.97	
770.45	23357.56	
770.637	23511.15	
770.823	23302.26	
771.009	23470.19	
771.195	23574.64	
771.382	23419	
771.568	23175.29	
771.754	23375.99	
771.94	23263.35	
772.126	23160.95	
772.313	23068.79	
772.499	23367.8	
772.685	22947.96	
772.871	23363.7	
773.057	23373.94	
773.243	23156.86	
773.429	23195.77	
773.615	23048.31	
773.801	22980.73	
773.987	22931.58	
774.173	22485.12	
774.359	23054.46	
774.545	22685.82	
774.731	22542.46	
774.917	22296.71	
775.103	22358.15	
775.288	22292.61	
775.474	22198.41	
775.66	22110.34	
775.846	22222.98	
776.032	21727.37	
776.218	21809.29	
776.403	21799.05	
776.589	21518.48	
776.775	21588.11	
776.961	21358.74	
777.146	21059.74	
777.332	21653.65	
777.518	21014.68	
777.703	21104.79	
777.889	20768.92	
778.075	20715.68	
778.26	20496.54	
778.446	20476.06	
778.631	20308.13	
778.817	20154.53	
779.002	20209.83	
779.188	19925.16	
779.373	19931.3	
779.559	19939.5	
779.744	19859.63	
779.93	19505.33	
780.115	19572.91	
780.301	19345.59	
780.486	19570.86	
780.672	18952.38	
780.857	18839.74	
781.042	18882.74	
781.228	18763.96	
781.413	18589.88	
781.598	18532.54	
781.784	18151.62	
781.969	18290.88	
782.154	17688.78	
782.339	18045.13	
782.525	17787.08	
782.71	17674.44	
782.895	17150.16	
783.08	17363.15	
783.265	17131.73	
783.45	17049.81	
783.636	17027.28	
783.821	16474.33	
784.006	16511.2	
784.191	16662.75	
784.376	16199.91	
784.561	16101.6	
784.746	16160.99	
784.931	16044.26	
785.116	15864.04	
785.301	15823.08	
785.486	15386.86	
785.671	15509.74	
785.856	15315.18	
786.041	15145.2	
786.225	15227.12	
786.41	15134.96	
786.595	15143.15	
786.78	14919.92	
786.965	14479.61	
787.15	14516.48	
787.334	14416.12	
787.519	14479.61	
787.704	14403.84	
787.889	14225.66	
788.073	13979.91	
788.258	14143.74	
788.443	13930.76	
788.627	13596.94	
788.812	13455.63	
788.997	13539.59	
789.181	13154.58	
789.366	13302.03	
789.551	13271.31	
789.735	13148.43	
789.92	12935.44	
790.104	12986.64	
790.289	12839.19	
790.473	12964.11	
790.658	12814.61	
790.842	12298.52	
791.027	12505.37	
791.211	12601.62	
791.395	12343.58	
791.58	12415.26	
791.764	12017.95	
791.949	12093.73	
792.133	12003.62	
792.317	12069.15	
792.502	12071.2	
792.686	11954.47	
792.87	11907.36	
793.054	11888.93	
793.239	11716.9	
793.423	11692.33	
793.607	11573.54	
793.791	11587.88	
793.975	11415.85	
794.16	11465	
794.344	11477.29	
794.528	11303.21	
794.712	11385.13	
794.896	11258.16	
795.08	11168.05	
795.264	11012.4	
795.448	10897.71	
795.632	11061.55	
795.816	10971.44	
796	11223.34	
796.184	10936.63	
796.368	10891.57	
796.552	10860.85	
796.736	10961.2	
796.92	10858.8	
797.104	10783.03	
797.288	10850.61	
797.472	10815.8	
797.656	10887.47	
797.839	10643.77	
798.023	10891.57	
798.207	10709.3	
798.391	10826.04	
798.574	10797.36	
798.758	10799.41	
798.942	10729.78	
799.126	10735.92	
799.309	10615.09	
799.493	10821.94	
799.677	11028.78	
799.86	10590.52	
800.044	10592.57	
800.227	10723.64	
800.411	10557.75	
800.595	10654.01	
800.778	10897.71	
800.962	10735.92	
801.145	10588.47	
801.329	10873.14	
801.512	10631.48	
801.696	10895.67	
801.879	10969.39	
802.063	11012.4	
802.246	11018.54	
802.429	11069.74	
802.613	11063.6	
802.796	10783.03	
802.979	11174.19	
803.163	10955.06	
803.346	11028.78	
803.529	11137.33	
803.713	11280.68	
803.896	11395.37	
804.079	11374.89	
804.262	11473.19	
804.446	11426.09	
804.629	11700.52	
804.812	11579.69	
804.995	11704.61	
805.178	11608.36	
805.361	11727.14	
805.544	11823.4	
805.728	11817.25	
805.911	11882.79	
806.094	11858.21	
806.277	12003.62	
806.46	12085.54	
806.643	12003.62	
806.826	12235.04	
807.009	12192.03	
807.192	12359.96	
807.375	12472.6	
807.558	12243.23	
807.74	12257.57	
807.923	12640.54	
808.106	12615.96	
808.289	12548.38	
808.472	12665.11	
808.655	12718.36	
808.837	12648.73	
809.02	12808.47	
809.203	13013.27	
809.386	13164.82	
809.569	13119.76	
809.751	13437.2	
809.934	13375.76	
810.117	13349.13	
810.299	13539.59	
810.482	13474.06	
810.665	13641.99	
810.847	13572.36	
811.03	13820.17	
811.212	13609.22	
811.395	13838.6	
811.577	13627.66	
811.76	13725.96	
811.942	13994.24	
812.125	14137.6	
812.307	14072.07	
812.49	14508.28	
812.672	14225.66	
812.855	14616.83	
813.037	14500.09	
813.22	14471.42	
813.402	14700.79	
813.584	14622.97	
813.767	15026.42	
813.949	14815.48	
814.131	14944.5	
814.313	14977.27	
814.496	15003.89	
814.678	14975.22	
814.86	15395.05	
815.042	15157.49	
815.225	15116.53	
815.407	15223.02	
815.589	15337.71	
815.771	15780.07	
815.953	15329.52	
816.135	15476.97	
816.317	15522.03	
816.5	16064.74	
816.682	15868.13	
816.864	15730.92	
817.046	15755.5	
817.228	15898.85	
817.41	15818.98	
817.592	15927.53	
817.774	16210.15	
817.956	16109.79	
818.137	16038.12	
818.319	15870.18	
818.501	16285.92	
818.683	16419.04	
818.865	16681.18	
819.047	16460	
819.229	16640.22	
819.41	16341.22	
819.592	16705.75	
819.774	16681.18	
819.956	16511.2	
820.137	16652.51	
820.319	16644.31	
820.501	16859.35	
820.682	16797.91	
820.864	16609.5	
821.046	16847.06	
821.227	17189.07	
821.409	17064.15	
821.591	17131.73	
821.772	17074.39	
821.954	17094.87	
822.135	17092.82	
822.317	17012.95	
822.498	16933.08	
822.68	17115.35	
822.861	17199.31	
823.043	17002.71	
823.224	17094.87	
823.406	16965.85	
823.587	17182.93	
823.768	17410.25	
823.95	17051.86	
824.131	17131.73	
824.312	17250.51	
824.494	17199.31	
824.675	17469.65	
824.856	17328.34	
825.038	17189.07	
825.219	17647.82	
825.4	16953.56	
825.581	17115.35	
825.762	17242.32	
825.944	17453.26	
826.125	17246.42	
826.306	17234.13	
826.487	17256.66	
826.668	17295.57	
826.849	17088.72	
827.03	17379.54	
827.211	17197.27	
827.392	17072.34	
827.573	17090.77	
827.754	17291.47	
827.935	17125.59	
828.116	16834.78	
828.297	17467.6	
828.478	17008.85	
828.659	17123.54	
828.84	16974.04	
829.021	16824.54	
829.202	16857.3	
829.383	16804.06	
829.563	16845.02	
829.744	16881.88	
829.925	16879.83	
830.106	16808.15	
830.287	16906.45	
830.467	16693.47	
830.648	16849.11	
830.829	16660.7	
831.009	16765.14	
831.19	16644.31	
831.371	16857.3	
831.551	16601.31	
831.732	16824.54	
831.913	16259.3	
832.093	16457.95	
832.274	16445.66	
832.454	16384.22	
832.635	16414.94	
832.815	16380.13	
832.996	16398.56	
833.176	16175.33	
833.357	16011.49	
833.537	16279.78	
833.718	15884.52	
833.898	16048.36	
834.078	15874.28	
834.259	16097.51	
834.439	15536.36	
834.62	15743.21	
834.8	15517.93	
834.98	15442.16	
835.16	15499.5	
835.341	15573.23	
835.521	15585.51	
835.701	15388.91	
835.881	15456.49	
836.062	15503.6	
836.242	15323.37	
836.422	15261.94	
836.602	15026.42	
836.782	15143.15	
836.962	15065.33	
837.142	14913.78	
837.322	15098.1	
837.503	14981.36	
837.683	14760.18	
837.863	14838.01	
838.043	14817.53	
838.223	14651.64	
838.403	14409.98	
838.582	14223.62	
838.762	14213.38	
838.942	14297.34	
839.122	14160.13	
839.302	14366.97	
839.482	14336.25	
839.662	14272.77	
839.842	13807.88	
840.021	13791.49	
840.201	13844.74	
840.381	13691.14	
840.561	13742.34	
840.741	13854.98	
840.92	13463.82	
841.1	13641.99	
841.28	13230.35	
841.459	13418.76	
841.639	13289.74	
841.819	13213.97	
841.998	13230.35	
842.178	13093.14	
842.357	12992.79	
842.537	13173.01	
842.716	12831	
842.896	12876.05	
843.076	12529.95	
843.255	12396.83	
843.434	12527.9	
843.614	12316.96	
843.793	12491.03	
843.973	12488.99	
844.152	12335.39	
844.332	12134.69	
844.511	12015.91	
844.69	12294.43	
844.87	12063.01	
845.049	11843.88	
845.228	11675.94	
845.408	11940.13	
845.587	11536.68	
845.766	11565.35	
845.945	11407.66	
846.124	11505.96	
846.304	11327.79	
846.483	11376.94	
846.662	11323.69	
846.841	11303.21	
847.02	11170.09	
847.199	11094.32	
847.378	10987.82	
847.558	10776.88	
847.737	10701.11	
847.916	10795.32	
848.095	10697.01	
848.274	10498.36	
848.453	10582.33	
848.632	10713.4	
848.811	10479.93	
848.989	10527.03	
849.168	10238.27	
849.347	10307.9	
849.526	10549.56	
849.705	9951.55	
849.884	10080.57	
850.063	9941.31	
850.241	9873.73	
850.42	9890.11	
850.599	9828.67	
850.778	9890.11	
850.956	9736.52	
851.135	9668.93	
851.314	9474.38	
851.493	9441.61	
851.671	9601.35	
851.85	9324.87	
852.028	9355.59	
852.207	9165.13	
852.386	9113.93	
852.564	9208.14	
852.743	8927.57	
852.921	9228.62	
853.1	8917.33	
853.278	8900.94	
853.457	9046.35	
853.635	8753.49	
853.814	8792.4	
853.992	8798.55	
854.171	8579.41	
854.349	8667.48	
854.527	8638.8	
854.706	8698.2	
854.884	8456.54	
855.062	8479.06	
855.241	8587.61	
855.419	8391	
855.597	8352.09	
855.775	8268.12	
855.954	8247.64	
856.132	8470.87	
856.31	8233.31	
856.488	8206.68	
856.666	8069.47	
856.845	7928.16	
857.023	8030.56	
857.201	8173.92	
857.379	7819.62	
857.557	8046.94	
857.735	8024.41	
857.913	8036.7	
858.091	7782.75	
858.269	7678.31	
858.447	7803.23	
858.625	7903.58	
858.803	7790.95	
858.981	7776.61	
859.159	7817.57	
859.337	7559.53	
859.515	7590.24	
859.692	7455.08	
859.87	7498.09	
860.048	7422.31	
860.226	7391.59	
860.404	7358.82	
860.581	7414.12	
860.759	7496.04	
860.937	7446.89	
861.115	7334.25	
861.292	7252.33	
861.47	7387.5	
861.648	7276.91	
861.825	7373.16	
862.003	7229.8	
862.181	7246.19	
862.358	7227.75	
862.536	7248.23	
862.713	7342.44	
862.891	7373.16	
863.068	7367.02	
863.246	7201.13	
863.423	7055.72	
863.601	7375.21	
863.778	7078.25	
863.956	7229.8	
864.133	7149.93	
864.31	7197.03	
864.488	7113.07	
864.665	7051.63	
864.842	7266.67	
865.02	7129.45	
865.197	7141.74	
865.374	7158.12	
865.552	7203.18	
865.729	6975.85	
865.906	6998.38	
866.083	7174.51	
866.26	7186.79	
866.438	7199.08	
866.615	7065.96	
866.792	7176.56	
866.969	7115.12	
867.146	7127.4	
867.323	7254.38	
867.5	7252.33	
867.677	7115.12	
867.854	7266.67	
868.031	7209.32	
868.208	7272.81	
868.385	7321.96	
868.562	7240.04	
868.739	7172.46	
868.916	7301.48	
869.093	7252.33	
869.27	7166.32	
869.447	7229.8	
869.624	7190.89	
869.801	7178.6	
869.977	7237.99	
870.154	7483.75	
870.331	7283.05	
870.508	7115.12	
870.684	7213.42	
870.861	7219.56	
871.038	7278.95	
871.215	7283.05	
871.391	7334.25	
871.568	7354.73	
871.744	7358.82	
871.921	7276.91	
872.098	7219.56	
872.274	7367.02	
872.451	7412.07	
872.627	7248.23	
872.804	7444.84	
872.98	7541.09	
873.157	7436.65	
873.333	7455.08	
873.51	7387.5	
873.686	7338.34	
873.863	7598.44	
874.039	7635.3	
874.215	7594.34	
874.392	7592.29	
874.568	7387.5	
874.744	7491.94	
874.921	7446.89	
875.097	7379.3	
875.273	7618.92	
875.45	7643.49	
875.626	7598.44	
875.802	7598.44	
875.978	7586.15	
876.154	7510.37	
876.331	7727.46	
876.507	7453.03	
876.683	7571.81	
876.859	7647.59	
877.035	7442.79	
877.211	7627.11	
877.387	7698.79	
877.563	7694.69	
877.739	7702.88	
877.915	7704.93	
878.091	7737.7	
878.267	7772.51	
878.443	7735.65	
878.619	7768.42	
878.795	7672.16	
878.971	7547.24	
879.147	7706.98	
879.323	7563.62	
879.498	7635.3	
879.674	7786.85	
879.85	7805.28	
880.026	7551.33	
880.201	7690.6	
880.377	7686.5	
880.553	7774.56	
880.729	7790.95	
880.904	7565.67	
881.08	7680.36	
881.256	7471.46	
881.431	7653.73	
881.607	7876.96	
881.783	7764.32	
881.958	7741.79	
882.134	7749.99	
882.309	7770.47	
882.485	7721.31	
882.66	7821.67	
882.836	7860.58	
883.011	7672.16	
883.187	7780.71	
883.362	7952.74	
883.537	7790.95	
883.713	8010.08	
883.888	7821.67	
884.064	7813.47	
884.239	7641.44	
884.414	7934.3	
884.59	7854.43	
884.765	7881.06	
884.94	7752.03	
885.115	7981.41	
885.291	7887.2	
885.466	7911.78	
885.641	8020.32	
885.816	7868.77	
885.991	7926.11	
886.167	7702.88	
886.342	7838.05	
886.517	7946.59	
886.692	8014.17	
886.867	7954.78	
887.042	8003.93	
887.217	8145.24	
887.392	8003.93	
887.567	7971.17	
887.742	7924.06	
887.917	8077.66	
888.092	8235.35	
888.267	8280.41	
888.442	8073.57	
888.617	8065.37	
888.791	8341.85	
888.966	8092	
889.141	8282.46	
889.316	8251.74	
889.491	8012.13	
889.665	8313.18	
889.84	8231.26	
890.015	8317.27	
890.19	8360.28	
890.364	8313.18	
890.539	8284.51	
890.714	8423.77	
890.888	8343.9	
891.063	8331.61	
891.238	8405.34	
891.412	8257.88	
891.587	8483.16	
891.761	8575.32	
891.936	8382.81	
892.11	8638.8	
892.285	8501.59	
892.459	8460.63	
892.634	8630.61	
892.808	8663.38	
892.983	8560.98	
893.157	8245.59	
893.331	8483.16	
893.506	8579.41	
893.68	8483.16	
893.854	8552.79	
894.029	8739.16	
894.203	8751.44	
894.377	8583.51	
894.552	8687.96	
894.726	8507.73	
894.9	8755.54	
895.074	8716.63	
895.248	8407.38	
895.423	8597.85	
895.597	8546.65	
895.771	8556.89	
895.945	8593.75	
896.119	8520.02	
896.293	8753.49	
896.467	8733.01	
896.641	8753.49	
896.815	8741.2	
896.989	8636.76	
897.163	8804.69	
897.337	8692.05	
897.511	8692.05	
897.685	8837.46	
897.859	8763.73	
898.033	8745.3	
898.207	8784.21	
898.381	8753.49	
898.554	8835.41	
898.728	8761.68	
898.902	8603.99	
899.076	8743.25	
899.25	8694.1	
899.423	8718.68	
899.597	8661.33	
899.771	8540.5	
899.944	8687.96	
900.118	8339.8	
900.292	8495.45	
900.465	8622.42	
900.639	8370.52	
900.813	8571.22	
900.986	8415.58	
901.16	8528.21	
901.333	8571.22	
901.507	8612.18	
901.68	8739.16	
901.854	8380.76	
902.027	8464.73	
902.201	8479.06	
902.374	8405.34	
902.547	8376.66	
902.721	8446.3	
902.894	8423.77	
903.068	8425.82	
903.241	8499.54	
903.414	8192.35	
903.588	8444.25	
903.761	8352.09	
903.934	8413.53	
904.107	8116.57	
904.281	8141.15	
904.454	8003.93	
904.627	8169.82	
904.8	8300.89	
904.973	8239.45	
905.146	8147.29	
905.319	8202.59	
905.493	8018.27	
905.666	8276.31	
905.839	8026.46	
906.012	7973.21	
906.185	7979.36	
906.358	8055.13	
906.531	7936.35	
906.704	7958.88	
906.877	7868.77	
907.05	7938.4	
907.222	7870.82	
907.395	7850.34	
907.568	7733.6	
907.741	7809.38	
907.914	7743.84	
908.087	7866.72	
908.259	7682.4	
908.432	7719.27	
908.605	7547.24	
908.778	7737.7	
908.95	7455.08	
909.123	7418.22	
909.296	7516.52	
909.468	7592.29	
909.641	7197.03	
909.814	7399.78	
909.986	7205.23	
910.159	7367.02	
910.331	7223.66	
910.504	7401.83	
910.677	7106.92	
910.849	7315.82	
911.022	7186.79	
911.194	7082.35	
911.367	7047.53	
911.539	7145.84	
911.711	6932.85	
911.884	6965.61	
912.056	7043.44	
912.229	6857.07	
912.401	6877.55	
912.573	6859.12	
912.745	6836.59	
912.918	6961.52	
913.09	6721.91	
913.262	7074.16	
913.435	6629.75	
913.607	6601.08	
913.779	6590.84	
913.951	6467.96	
914.123	6562.16	
914.295	6422.9	
914.468	6386.04	
914.64	6285.69	
914.812	6367.61	
914.984	6420.85	
915.156	6197.63	
915.328	6240.63	
915.5	6199.67	
915.672	6025.6	
915.844	6271.35	
916.016	6093.18	
916.188	6119.8	
916.36	5962.11	
916.531	6021.5	
916.703	5876.09	
916.875	6033.79	
917.047	5986.69	
917.219	5929.34	
917.391	5853.57	
917.562	5716.35	
917.734	5910.91	
917.906	5738.88	
918.078	5712.26	
918.249	5599.62	
918.421	5583.24	
918.593	5497.22	
918.764	5515.65	
918.936	5499.27	
919.108	5542.28	
919.279	5347.72	
919.451	5441.93	
919.622	5329.29	
919.794	5384.58	
919.965	5362.05	
920.137	5220.74	
920.308	5153.16	
920.48	5214.6	
920.651	5247.37	
920.823	4901.26	
920.994	5046.67	
921.165	5085.58	
921.337	5077.39	
921.508	4817.3	
921.68	4989.32	
921.851	5028.24	
922.022	4811.15	
922.193	4747.66	
922.365	4882.83	
922.536	4817.3	
922.707	4753.81	
922.878	4649.36	
923.049	4731.28	
923.221	4583.83	
923.392	4723.09	
923.563	4503.96	
923.734	4534.68	
923.905	4542.87	
924.076	4542.87	
924.247	4405.65	
924.418	4403.61	
924.589	4561.3	
924.76	4352.41	
924.931	4413.85	
925.102	4473.24	
925.273	4293.02	
925.444	4374.93	
925.615	4407.7	
925.786	4364.69	
925.957	4176.28	
926.127	4254.1	
926.298	4172.18	
926.469	4321.69	
926.64	4174.23	
926.811	4278.68	
926.981	4090.27	
927.152	4024.73	
927.323	4209.05	
927.493	4037.02	
927.664	4250.01	
927.835	3989.92	
928.005	4002.2	
928.176	4051.35	
928.347	3961.24	
928.517	3932.57	
928.688	3934.62	
928.858	3856.8	
929.029	3889.57	
929.199	3836.32	
929.37	3897.76	
929.54	3803.55	
929.711	3840.41	
929.881	3879.33	
930.051	3748.26	
930.222	3695.01	
930.392	3883.42	
930.563	3797.41	
930.733	3715.49	
930.903	3668.38	
931.073	3744.16	
931.244	3699.1	
931.414	3588.51	
931.584	3484.07	
931.754	3565.99	
931.925	3531.17	
932.095	3533.22	
932.265	3494.31	
932.435	3402.15	
932.605	3428.77	
932.775	3594.66	
932.945	3537.31	
933.115	3426.72	
933.285	3410.34	
933.455	3520.93	
933.625	3457.44	
933.795	3422.63	
933.965	3303.85	
934.135	3328.42	
934.305	3238.31	
934.475	3330.47	
934.645	3266.98	
934.815	3162.54	
934.985	3291.56	
935.155	3434.92	
935.324	3226.02	
935.494	3246.5	
935.664	3209.64	
935.834	3092.91	
936.003	3183.02	
936.173	3058.09	
936.343	2957.74	
936.513	3176.87	
936.682	3053.99	
936.852	3230.12	
937.021	3115.43	
937.191	3021.23	
937.361	3228.07	
937.53	3078.57	
937.7	3099.05	
937.869	3029.42	
938.039	3025.32	
938.208	2945.45	
938.378	2855.34	
938.547	3094.95	
938.717	2924.97	
938.886	2931.12	
939.055	2836.91	
939.225	2974.12	
939.394	2892.2	
939.563	2838.96	
939.733	2896.3	
939.902	2974.12	
940.071	2826.67	
940.241	2912.68	
940.41	2832.81	
940.579	2896.3	
940.748	2869.68	
940.917	2873.77	
941.087	2830.77	
941.256	2871.72	
941.425	2800.05	
941.594	2730.41	
941.763	2812.33	
941.932	2939.31	
942.101	2793.9	
942.27	2961.84	
942.439	2785.71	
942.608	2795.95	
942.777	2912.68	
942.946	2816.43	
943.115	2754.99	
943.284	2804.14	
943.453	2709.94	
943.622	2746.8	
943.791	2648.5	
943.959	2683.31	
944.128	2720.18	
944.297	2703.79	
944.466	2687.41	
944.635	2603.44	
944.803	2726.32	
944.972	2675.12	
945.141	2705.84	
945.309	2693.55	
945.478	2752.94	
945.647	2576.82	
945.815	2677.17	
945.984	2636.21	
946.152	2613.68	
946.321	2636.21	
946.49	2517.43	
946.658	2566.58	
946.827	2605.49	
946.995	2664.88	
947.164	2695.6	
947.332	2652.59	
947.5	2576.82	
947.669	2648.5	
947.837	2673.07	
948.006	2556.34	
948.174	2576.82	
948.342	2648.5	
948.511	2513.33	
948.679	2519.47	
948.847	2492.85	
949.015	2527.67	
949.184	2533.81	
949.352	2644.4	
949.52	2572.72	
949.688	2615.73	
949.856	2539.95	
950.025	2632.11	
950.193	2533.81	
950.361	2486.71	
950.529	2585.01	
950.697	2546.1	
950.865	2509.23	
951.033	2486.71	
951.201	2447.8	
951.369	2578.87	
951.537	2451.89	
951.705	2476.47	
951.873	2443.7	
952.041	2478.51	
952.209	2406.84	
952.376	2449.84	
952.544	2464.18	
952.712	2443.7	
952.88	2372.02	
953.048	2507.19	
953.216	2382.26	
953.383	2535.86	
953.551	2435.51	
953.719	2286.01	
953.886	2337.2	
954.054	2470.32	
954.222	2312.63	
954.389	2449.84	
954.557	2279.86	
954.725	2363.83	
954.892	2298.29	
955.06	2359.73	
955.227	2394.55	
955.395	2294.2	
955.562	2255.29	
955.73	2376.12	
955.897	2322.87	
956.065	2306.49	
956.232	2300.34	
956.399	2175.42	
956.567	2361.78	
956.734	2279.86	
956.902	2243	
957.069	2216.37	
957.236	2253.24	
957.404	2290.1	
957.571	2204.09	
957.738	2132.41	
957.905	2187.7	
958.072	2167.22	
958.24	2238.9	
958.407	2210.23	
958.574	2253.24	
958.741	2183.61	
958.908	2165.18	
959.075	2347.44	
959.242	2144.7	
959.409	2183.61	
959.576	2255.29	
959.743	2173.37	
959.91	2042.3	
960.077	2077.11	
960.244	2093.5	
960.411	2140.6	
960.578	2099.64	
960.745	2259.38	
960.912	2222.52	
961.079	1948.09	
961.246	2025.91	
961.413	2179.51	
961.579	2034.11	
961.746	2073.02	
961.913	1989.05	
962.08	2034.11	
962.246	2083.26	
962.413	2036.15	
962.58	2054.59	
962.746	2001.34	
962.913	1939.9	
963.08	2120.12	
963.246	1995.19	
963.413	2113.98	
963.579	1835.45	
963.746	1987	
963.912	1939.9	
964.079	1980.86	
964.245	1993.15	
964.412	2032.06	
964.578	1941.95	
964.745	1948.09	
964.911	1954.23	
965.078	1976.76	
965.244	1792.45	
965.41	1921.47	
965.577	1833.4	
965.743	1798.59	
965.909	1857.98	
966.076	1929.66	
966.242	1921.47	
966.408	1886.65	
966.574	1800.64	
966.74	1915.32	
966.907	1841.6	
967.073	1860.03	
967.239	1790.4	
967.405	1722.81	
967.571	1857.98	
967.737	1780.16	
967.903	1724.86	
968.069	1790.4	
968.235	1747.39	
968.401	1802.69	
968.567	1845.69	
968.733	1862.08	
968.899	1712.57	
969.065	1714.62	
969.231	1610.18	
969.397	1761.73	
969.563	1769.92	
969.729	1714.62	
969.894	1575.36	
970.06	1737.15	
970.226	1769.92	
970.392	1847.74	
970.557	1634.75	
970.723	1620.42	
970.889	1614.27	
971.055	1665.47	
971.22	1604.03	
971.386	1575.36	
971.552	1589.7	
971.717	1716.67	
971.883	1489.35	
972.048	1550.78	
972.214	1733.05	
972.379	1667.52	
972.545	1487.3	
972.71	1567.17	
972.876	1571.26	
973.041	1544.64	
973.207	1499.59	
973.372	1665.47	
973.537	1477.06	
973.703	1475.01	
973.868	1538.5	
974.034	1509.83	
974.199	1513.92	
974.364	1489.35	
974.529	1530.31	
974.695	1477.06	
974.86	1540.55	
975.025	1425.86	
975.19	1513.92	
975.355	1477.06	
975.521	1561.02	
975.686	1477.06	
975.851	1403.33	
976.016	1393.09	
976.181	1411.52	
976.346	1421.76	
976.511	1298.88	
976.676	1481.15	
976.841	1468.87	
977.006	1436.1	
977.171	1337.8	
977.336	1296.84	
977.501	1331.65	
977.666	1329.6	
977.831	1212.87	
977.996	1415.62	
978.16	1180.1	
978.325	1444.29	
978.49	1313.22	
978.655	1257.93	
978.82	1315.27	
978.984	1257.93	
979.149	1302.98	
979.314	1280.45	
979.478	1190.34	
979.643	1280.45	
979.808	1210.82	
979.972	1313.22	
980.137	1194.44	
980.301	1247.69	
980.466	1184.2	
980.631	1169.86	
980.795	1145.29	
980.96	1216.97	
981.124	1178.05	
981.288	1241.54	
981.453	1212.87	
981.617	1210.82	
981.782	1098.18	
981.946	1298.88	
982.11	1104.33	
982.275	1169.86	
982.439	1122.76	
982.603	1141.19	
982.768	999.88	
982.932	1149.38	
983.096	1124.81	
983.26	1163.72	
983.425	1116.62	
983.589	997.83	
983.753	1202.63	
983.917	1012.17	
984.081	973.26	
984.245	1067.46	
984.409	1049.03	
984.573	1071.56	
984.738	1042.89	
984.902	1020.36	
985.066	1028.55	
985.23	1114.57	
985.394	1034.7	
985.557	956.87	
985.721	987.59	
985.885	1081.8	
986.049	928.2	
986.213	1026.5	
986.377	1016.27	
986.541	1094.09	
986.704	954.83	
986.868	942.54	
987.032	872.91	
987.196	936.39	
987.359	889.29	
987.523	965.07	
987.687	901.58	
987.851	934.35	
988.014	928.2	
988.178	897.48	
988.341	799.18	
988.505	813.52	
988.669	877	
988.832	829.9	
988.996	856.52	
989.159	860.62	
989.323	926.15	
989.486	821.71	
989.65	930.25	
989.813	944.59	
989.976	823.76	
990.14	815.56	
990.303	827.85	
990.466	887.24	
990.63	903.63	
990.793	862.67	
990.956	788.94	
991.12	848.33	
991.283	868.81	
991.446	752.08	
991.609	756.17	
991.772	801.23	
991.936	831.95	
992.099	725.45	
992.262	719.31	
992.425	682.45	
992.588	715.21	
992.751	850.38	
992.914	690.64	
993.077	764.36	
993.24	641.49	
993.403	747.98	
993.566	664.01	
993.729	741.84	
993.892	614.86	
994.055	752.08	
994.218	672.21	
994.381	594.38	
994.544	678.35	
994.706	750.03	
994.869	825.8	
995.032	745.93	
995.195	719.31	
995.357	661.97	
995.52	633.29	
995.683	698.83	
995.846	655.82	
996.008	633.29	
996.171	610.77	
996.334	633.29	
996.496	604.62	
996.659	674.25	
996.821	647.63	
996.984	674.25	
997.146	602.58	
997.309	616.91	
997.471	647.63	
997.634	612.82	
997.796	590.29	
997.959	704.97	
998.121	596.43	
998.283	561.62	
998.446	610.77	
998.608	575.95	
998.77	618.96	
998.933	563.66	
999.095	588.24	
999.257	584.14	
999.42	555.47	
999.582	565.71	
999.744	502.22	
999.906	524.75	
1000.068	549.33	
1000.23	637.39	
1000.393	455.12	
1000.555	500.18	
1000.717	594.38	
1000.879	438.74	
1001.041	557.52	
1001.203	518.61	
1001.365	510.42	
1001.527	491.99	
1001.689	543.18	
1001.851	569.81	
1002.013	543.18	
1002.175	510.42	
1002.336	584.14	
1002.498	489.94	
1002.66	532.94	
1002.822	416.21	
1002.984	446.93	
1003.146	496.08	
1003.307	526.8	
1003.469	471.51	
1003.631	446.93	
1003.792	379.35	
1003.954	455.12	
1004.116	408.02	
1004.277	467.41	
1004.439	367.06	
1004.601	422.35	
1004.762	408.02	
1004.924	436.69	
1005.085	293.33	
1005.247	401.87	
1005.408	365.01	
1005.57	365.01	
1005.731	438.74	
1005.893	391.63	
1006.054	377.3	
1006.215	401.87	
1006.377	389.59	
1006.538	416.21	
1006.7	475.6	
1006.861	346.58	
1007.022	340.44	
1007.183	326.1	
1007.345	336.34	
1007.506	385.49	
1007.667	403.92	
1007.828	250.32	
1007.989	322	
1008.151	477.65	
1008.312	408.02	
1008.473	367.06	
1008.634	293.33	
1008.795	381.39	
1008.956	336.34	
1009.117	387.54	
1009.278	393.68	
1009.439	360.92	
1009.6	399.83	
1009.761	422.35	
1009.922	342.48	
1010.083	360.92	
1010.244	283.09	
1010.405	332.24	
1010.565	391.63	
1010.726	272.85	
1010.887	262.61	
1011.048	338.39	
1011.209	346.58	
1011.369	397.78	
1011.53	313.81	
1011.691	365.01	
1011.851	309.72	
1012.012	324.05	
1012.173	387.54	
1012.333	289.24	
1012.494	326.1	
1012.655	258.52	
1012.815	240.08	
1012.976	303.57	
1013.136	395.73	
1013.297	395.73	
1013.457	332.24	
1013.618	270.8	
1013.778	358.87	
1013.938	385.49	
1014.099	399.83	
1014.259	221.65	
1014.42	291.28	
1014.58	268.76	
1014.74	303.57	
1014.901	295.38	
1015.061	352.72	
1015.221	319.96	
1015.381	303.57	
1015.542	289.24	
1015.702	297.43	
1015.862	272.85	
1016.022	233.94	
1016.182	242.13	
1016.342	324.05	
1016.502	260.56	
1016.662	246.23	
1016.823	260.56	
1016.983	322	
1017.143	229.85	
1017.303	231.89	
1017.463	211.41	
1017.622	281.04	
1017.782	270.8	
1017.942	313.81	
1018.102	160.21	
1018.262	221.65	
1018.422	242.13	
1018.582	283.09	
1018.742	276.95	
1018.901	334.29	
1019.061	174.55	
1019.221	182.74	
1019.381	186.84	
1019.54	195.03	
1019.7	213.46	
1019.86	192.98	
1020.019	219.61	
1020.179	211.41	
1020.338	207.32	
1020.498	274.9	
1020.658	281.04	
1020.817	248.28	
1020.977	145.88	
1021.136	336.34	
1021.296	176.6	
1021.455	225.75	
1021.615	240.08	
1021.774	289.24	
1021.933	127.45	
1022.093	188.89	
1022.252	225.75	
1022.411	174.55	
1022.571	221.65	
1022.73	213.46	
1022.889	156.12	
1023.049	258.52	
1023.208	229.85	
1023.367	330.2	
1023.526	125.4	
1023.685	178.65	
1023.845	256.47	
1024.004	240.08	
1024.163	223.7	
1024.322	203.22	
1024.481	143.83	
1024.64	207.32	
1024.799	221.65	
1024.958	313.81	
1025.117	223.7	
1025.276	164.31	
1025.435	162.26	
1025.594	231.89	
1025.753	154.07	
1025.912	223.7	
1026.07	192.98	
1026.229	109.01	
1026.388	252.37	
1026.547	156.12	
1026.706	152.02	
1026.864	203.22	
1027.023	229.85	
1027.182	215.51	
1027.341	160.21	
1027.499	166.36	
1027.658	172.5	
1027.817	160.21	
1027.975	156.12	
1028.134	203.22	
1028.292	205.27	
1028.451	145.88	
1028.609	154.07	
1028.768	98.78	
1028.926	115.16	
1029.085	109.01	
1029.243	152.02	
1029.402	215.51	
1029.56	197.08	
1029.719	170.45	
1029.877	117.21	
1030.035	158.17	
1030.194	215.51	
1030.352	201.17	
1030.51	184.79	
1030.669	154.07	
1030.827	197.08	
1030.985	61.91	
1031.143	201.17	
1031.301	109.01	
1031.46	98.78	
1031.618	174.55	
1031.776	78.3	
1031.934	127.45	
1032.092	109.01	
1032.25	160.21	
1032.408	149.97	
1032.566	123.35	
1032.724	104.92	
1032.882	199.13	
1033.04	135.64	
1033.198	188.89	
1033.356	117.21	
1033.514	106.97	
1033.672	115.16	
1033.829	180.69	
1033.987	98.78	
1034.145	131.54	
1034.303	192.98	
1034.461	166.36	
1034.618	111.06	
1034.776	125.4	
1034.934	125.4	
1035.092	125.4	
1035.249	125.4	
1035.407	125.4	
1035.564	125.4	
